/*--------------------------------*- C++ -*----------------------------------*\
| =========                 |                                                 |
| \\      /  F ield         | OpenFOAM: The Open Source CFD Toolbox           |
|  \\    /   O peration     | Version:  5.0                                   |
|   \\  /    A nd           | Web:      www.OpenFOAM.org                      |
|    \\/     M anipulation  |                                                 |
\*---------------------------------------------------------------------------*/
FoamFile
{
    version     2.0;
    format      ascii;
    class       faceList;
    location    "constant/polyMesh";
    object      faces;
}
// * * * * * * * * * * * * * * * * * * * * * * * * * * * * * * * * * * * * * //


1700
(
4(1 12 133 122)
4(11 132 133 12)
4(0 1 122 121)
4(0 121 132 11)
4(2 13 134 123)
4(12 133 134 13)
4(1 2 123 122)
4(3 14 135 124)
4(13 134 135 14)
4(2 3 124 123)
4(4 15 136 125)
4(14 135 136 15)
4(3 4 125 124)
4(5 16 137 126)
4(15 136 137 16)
4(4 5 126 125)
4(6 17 138 127)
4(16 137 138 17)
4(5 6 127 126)
4(7 18 139 128)
4(17 138 139 18)
4(6 7 128 127)
4(8 19 140 129)
4(18 139 140 19)
4(7 8 129 128)
4(9 20 141 130)
4(19 140 141 20)
4(8 9 130 129)
4(20 141 142 21)
4(9 10 131 130)
4(10 21 142 131)
4(12 23 144 133)
4(22 143 144 23)
4(11 132 143 22)
4(13 24 145 134)
4(23 144 145 24)
4(14 25 146 135)
4(24 145 146 25)
4(15 26 147 136)
4(25 146 147 26)
4(16 27 148 137)
4(26 147 148 27)
4(17 28 149 138)
4(27 148 149 28)
4(18 29 150 139)
4(28 149 150 29)
4(19 30 151 140)
4(29 150 151 30)
4(20 31 152 141)
4(30 151 152 31)
4(31 152 153 32)
4(21 32 153 142)
4(23 34 155 144)
4(33 154 155 34)
4(22 143 154 33)
4(24 35 156 145)
4(34 155 156 35)
4(25 36 157 146)
4(35 156 157 36)
4(26 37 158 147)
4(36 157 158 37)
4(27 38 159 148)
4(37 158 159 38)
4(28 39 160 149)
4(38 159 160 39)
4(29 40 161 150)
4(39 160 161 40)
4(30 41 162 151)
4(40 161 162 41)
4(31 42 163 152)
4(41 162 163 42)
4(42 163 164 43)
4(32 43 164 153)
4(34 45 166 155)
4(44 165 166 45)
4(33 154 165 44)
4(35 46 167 156)
4(45 166 167 46)
4(36 47 168 157)
4(46 167 168 47)
4(37 48 169 158)
4(47 168 169 48)
4(38 49 170 159)
4(48 169 170 49)
4(39 50 171 160)
4(49 170 171 50)
4(40 51 172 161)
4(50 171 172 51)
4(41 52 173 162)
4(51 172 173 52)
4(42 53 174 163)
4(52 173 174 53)
4(53 174 175 54)
4(43 54 175 164)
4(45 56 177 166)
4(55 176 177 56)
4(44 165 176 55)
4(46 57 178 167)
4(56 177 178 57)
4(47 58 179 168)
4(57 178 179 58)
4(48 59 180 169)
4(58 179 180 59)
4(49 60 181 170)
4(59 180 181 60)
4(50 61 182 171)
4(60 181 182 61)
4(51 62 183 172)
4(61 182 183 62)
4(52 63 184 173)
4(62 183 184 63)
4(53 64 185 174)
4(63 184 185 64)
4(64 185 186 65)
4(54 65 186 175)
4(56 67 188 177)
4(66 187 188 67)
4(55 176 187 66)
4(57 68 189 178)
4(67 188 189 68)
4(58 69 190 179)
4(68 189 190 69)
4(59 70 191 180)
4(69 190 191 70)
4(60 71 192 181)
4(70 191 192 71)
4(61 72 193 182)
4(71 192 193 72)
4(62 73 194 183)
4(72 193 194 73)
4(63 74 195 184)
4(73 194 195 74)
4(64 75 196 185)
4(74 195 196 75)
4(75 196 197 76)
4(65 76 197 186)
4(67 78 199 188)
4(77 198 199 78)
4(66 187 198 77)
4(68 79 200 189)
4(78 199 200 79)
4(69 80 201 190)
4(79 200 201 80)
4(70 81 202 191)
4(80 201 202 81)
4(71 82 203 192)
4(81 202 203 82)
4(72 83 204 193)
4(82 203 204 83)
4(73 84 205 194)
4(83 204 205 84)
4(74 85 206 195)
4(84 205 206 85)
4(75 86 207 196)
4(85 206 207 86)
4(86 207 208 87)
4(76 87 208 197)
4(78 89 210 199)
4(88 209 210 89)
4(77 198 209 88)
4(79 90 211 200)
4(89 210 211 90)
4(80 91 212 201)
4(90 211 212 91)
4(81 92 213 202)
4(91 212 213 92)
4(82 93 214 203)
4(92 213 214 93)
4(83 94 215 204)
4(93 214 215 94)
4(84 95 216 205)
4(94 215 216 95)
4(85 96 217 206)
4(95 216 217 96)
4(86 97 218 207)
4(96 217 218 97)
4(97 218 219 98)
4(87 98 219 208)
4(89 100 221 210)
4(99 220 221 100)
4(88 209 220 99)
4(90 101 222 211)
4(100 221 222 101)
4(91 102 223 212)
4(101 222 223 102)
4(92 103 224 213)
4(102 223 224 103)
4(93 104 225 214)
4(103 224 225 104)
4(94 105 226 215)
4(104 225 226 105)
4(95 106 227 216)
4(105 226 227 106)
4(96 107 228 217)
4(106 227 228 107)
4(97 108 229 218)
4(107 228 229 108)
4(108 229 230 109)
4(98 109 230 219)
4(100 111 232 221)
4(110 231 232 111)
4(99 220 231 110)
4(101 112 233 222)
4(111 232 233 112)
4(102 113 234 223)
4(112 233 234 113)
4(103 114 235 224)
4(113 234 235 114)
4(104 115 236 225)
4(114 235 236 115)
4(105 116 237 226)
4(115 236 237 116)
4(106 117 238 227)
4(116 237 238 117)
4(107 118 239 228)
4(117 238 239 118)
4(108 119 240 229)
4(118 239 240 119)
4(109 120 241 230)
4(119 240 241 120)
4(242 250 338 330)
4(1 122 338 250)
4(0 242 330 121)
4(243 251 339 331)
4(250 338 339 251)
4(242 243 331 330)
4(244 252 340 332)
4(251 339 340 252)
4(243 244 332 331)
4(245 253 341 333)
4(252 340 341 253)
4(244 245 333 332)
4(246 254 342 334)
4(253 341 342 254)
4(245 246 334 333)
4(247 255 343 335)
4(254 342 343 255)
4(246 247 335 334)
4(248 256 344 336)
4(255 343 344 256)
4(247 248 336 335)
4(256 344 345 257)
4(248 249 337 336)
4(250 258 346 338)
4(2 123 346 258)
4(251 259 347 339)
4(258 346 347 259)
4(252 260 348 340)
4(259 347 348 260)
4(253 261 349 341)
4(260 348 349 261)
4(254 262 350 342)
4(261 349 350 262)
4(255 263 351 343)
4(262 350 351 263)
4(256 264 352 344)
4(263 351 352 264)
4(264 352 353 265)
4(258 266 354 346)
4(3 124 354 266)
4(259 267 355 347)
4(266 354 355 267)
4(260 268 356 348)
4(267 355 356 268)
4(261 269 357 349)
4(268 356 357 269)
4(262 270 358 350)
4(269 357 358 270)
4(263 271 359 351)
4(270 358 359 271)
4(264 272 360 352)
4(271 359 360 272)
4(272 360 361 273)
4(266 274 362 354)
4(4 125 362 274)
4(267 275 363 355)
4(274 362 363 275)
4(268 276 364 356)
4(275 363 364 276)
4(269 277 365 357)
4(276 364 365 277)
4(270 278 366 358)
4(277 365 366 278)
4(271 279 367 359)
4(278 366 367 279)
4(272 280 368 360)
4(279 367 368 280)
4(280 368 369 281)
4(274 282 370 362)
4(5 126 370 282)
4(275 283 371 363)
4(282 370 371 283)
4(276 284 372 364)
4(283 371 372 284)
4(277 285 373 365)
4(284 372 373 285)
4(278 286 374 366)
4(285 373 374 286)
4(279 287 375 367)
4(286 374 375 287)
4(280 288 376 368)
4(287 375 376 288)
4(288 376 377 289)
4(282 290 378 370)
4(6 127 378 290)
4(283 291 379 371)
4(290 378 379 291)
4(284 292 380 372)
4(291 379 380 292)
4(285 293 381 373)
4(292 380 381 293)
4(286 294 382 374)
4(293 381 382 294)
4(287 295 383 375)
4(294 382 383 295)
4(288 296 384 376)
4(295 383 384 296)
4(296 384 385 297)
4(290 298 386 378)
4(7 128 386 298)
4(291 299 387 379)
4(298 386 387 299)
4(292 300 388 380)
4(299 387 388 300)
4(293 301 389 381)
4(300 388 389 301)
4(294 302 390 382)
4(301 389 390 302)
4(295 303 391 383)
4(302 390 391 303)
4(296 304 392 384)
4(303 391 392 304)
4(304 392 393 305)
4(298 306 394 386)
4(8 129 394 306)
4(299 307 395 387)
4(306 394 395 307)
4(300 308 396 388)
4(307 395 396 308)
4(301 309 397 389)
4(308 396 397 309)
4(302 310 398 390)
4(309 397 398 310)
4(303 311 399 391)
4(310 398 399 311)
4(304 312 400 392)
4(311 399 400 312)
4(312 400 401 313)
4(306 314 402 394)
4(9 130 402 314)
4(307 315 403 395)
4(314 402 403 315)
4(308 316 404 396)
4(315 403 404 316)
4(309 317 405 397)
4(316 404 405 317)
4(310 318 406 398)
4(317 405 406 318)
4(311 319 407 399)
4(318 406 407 319)
4(312 320 408 400)
4(319 407 408 320)
4(320 408 409 321)
4(314 322 410 402)
4(10 131 410 322)
4(315 323 411 403)
4(322 410 411 323)
4(316 324 412 404)
4(323 411 412 324)
4(317 325 413 405)
4(324 412 413 325)
4(318 326 414 406)
4(325 413 414 326)
4(319 327 415 407)
4(326 414 415 327)
4(320 328 416 408)
4(327 415 416 328)
4(328 416 417 329)
4(322 418 498 410)
4(21 142 498 418)
4(323 419 499 411)
4(418 498 499 419)
4(324 420 500 412)
4(419 499 500 420)
4(325 421 501 413)
4(420 500 501 421)
4(326 422 502 414)
4(421 501 502 422)
4(327 423 503 415)
4(422 502 503 423)
4(328 424 504 416)
4(423 503 504 424)
4(424 504 505 425)
4(418 426 506 498)
4(32 153 506 426)
4(419 427 507 499)
4(426 506 507 427)
4(420 428 508 500)
4(427 507 508 428)
4(421 429 509 501)
4(428 508 509 429)
4(422 430 510 502)
4(429 509 510 430)
4(423 431 511 503)
4(430 510 511 431)
4(424 432 512 504)
4(431 511 512 432)
4(432 512 513 433)
4(426 434 514 506)
4(43 164 514 434)
4(427 435 515 507)
4(434 514 515 435)
4(428 436 516 508)
4(435 515 516 436)
4(429 437 517 509)
4(436 516 517 437)
4(430 438 518 510)
4(437 517 518 438)
4(431 439 519 511)
4(438 518 519 439)
4(432 440 520 512)
4(439 519 520 440)
4(440 520 521 441)
4(434 442 522 514)
4(54 175 522 442)
4(435 443 523 515)
4(442 522 523 443)
4(436 444 524 516)
4(443 523 524 444)
4(437 445 525 517)
4(444 524 525 445)
4(438 446 526 518)
4(445 525 526 446)
4(439 447 527 519)
4(446 526 527 447)
4(440 448 528 520)
4(447 527 528 448)
4(448 528 529 449)
4(442 450 530 522)
4(65 186 530 450)
4(443 451 531 523)
4(450 530 531 451)
4(444 452 532 524)
4(451 531 532 452)
4(445 453 533 525)
4(452 532 533 453)
4(446 454 534 526)
4(453 533 534 454)
4(447 455 535 527)
4(454 534 535 455)
4(448 456 536 528)
4(455 535 536 456)
4(456 536 537 457)
4(450 458 538 530)
4(76 197 538 458)
4(451 459 539 531)
4(458 538 539 459)
4(452 460 540 532)
4(459 539 540 460)
4(453 461 541 533)
4(460 540 541 461)
4(454 462 542 534)
4(461 541 542 462)
4(455 463 543 535)
4(462 542 543 463)
4(456 464 544 536)
4(463 543 544 464)
4(464 544 545 465)
4(458 466 546 538)
4(87 208 546 466)
4(459 467 547 539)
4(466 546 547 467)
4(460 468 548 540)
4(467 547 548 468)
4(461 469 549 541)
4(468 548 549 469)
4(462 470 550 542)
4(469 549 550 470)
4(463 471 551 543)
4(470 550 551 471)
4(464 472 552 544)
4(471 551 552 472)
4(472 552 553 473)
4(466 474 554 546)
4(98 219 554 474)
4(467 475 555 547)
4(474 554 555 475)
4(468 476 556 548)
4(475 555 556 476)
4(469 477 557 549)
4(476 556 557 477)
4(470 478 558 550)
4(477 557 558 478)
4(471 479 559 551)
4(478 558 559 479)
4(472 480 560 552)
4(479 559 560 480)
4(480 560 561 481)
4(474 482 562 554)
4(109 230 562 482)
4(475 483 563 555)
4(482 562 563 483)
4(476 484 564 556)
4(483 563 564 484)
4(477 485 565 557)
4(484 564 565 485)
4(478 486 566 558)
4(485 565 566 486)
4(479 487 567 559)
4(486 566 567 487)
4(480 488 568 560)
4(487 567 568 488)
4(488 568 569 489)
4(482 490 570 562)
4(120 241 570 490)
4(483 491 571 563)
4(490 570 571 491)
4(484 492 572 564)
4(491 571 572 492)
4(485 493 573 565)
4(492 572 573 493)
4(486 494 574 566)
4(493 573 574 494)
4(487 495 575 567)
4(494 574 575 495)
4(488 496 576 568)
4(495 575 576 496)
4(496 576 577 497)
4(490 578 658 570)
4(119 240 658 578)
4(491 579 659 571)
4(578 658 659 579)
4(492 580 660 572)
4(579 659 660 580)
4(493 581 661 573)
4(580 660 661 581)
4(494 582 662 574)
4(581 661 662 582)
4(495 583 663 575)
4(582 662 663 583)
4(496 584 664 576)
4(583 663 664 584)
4(584 664 665 585)
4(578 586 666 658)
4(118 239 666 586)
4(579 587 667 659)
4(586 666 667 587)
4(580 588 668 660)
4(587 667 668 588)
4(581 589 669 661)
4(588 668 669 589)
4(582 590 670 662)
4(589 669 670 590)
4(583 591 671 663)
4(590 670 671 591)
4(584 592 672 664)
4(591 671 672 592)
4(592 672 673 593)
4(586 594 674 666)
4(117 238 674 594)
4(587 595 675 667)
4(594 674 675 595)
4(588 596 676 668)
4(595 675 676 596)
4(589 597 677 669)
4(596 676 677 597)
4(590 598 678 670)
4(597 677 678 598)
4(591 599 679 671)
4(598 678 679 599)
4(592 600 680 672)
4(599 679 680 600)
4(600 680 681 601)
4(594 602 682 674)
4(116 237 682 602)
4(595 603 683 675)
4(602 682 683 603)
4(596 604 684 676)
4(603 683 684 604)
4(597 605 685 677)
4(604 684 685 605)
4(598 606 686 678)
4(605 685 686 606)
4(599 607 687 679)
4(606 686 687 607)
4(600 608 688 680)
4(607 687 688 608)
4(608 688 689 609)
4(602 610 690 682)
4(115 236 690 610)
4(603 611 691 683)
4(610 690 691 611)
4(604 612 692 684)
4(611 691 692 612)
4(605 613 693 685)
4(612 692 693 613)
4(606 614 694 686)
4(613 693 694 614)
4(607 615 695 687)
4(614 694 695 615)
4(608 616 696 688)
4(615 695 696 616)
4(616 696 697 617)
4(610 618 698 690)
4(114 235 698 618)
4(611 619 699 691)
4(618 698 699 619)
4(612 620 700 692)
4(619 699 700 620)
4(613 621 701 693)
4(620 700 701 621)
4(614 622 702 694)
4(621 701 702 622)
4(615 623 703 695)
4(622 702 703 623)
4(616 624 704 696)
4(623 703 704 624)
4(624 704 705 625)
4(618 626 706 698)
4(113 234 706 626)
4(619 627 707 699)
4(626 706 707 627)
4(620 628 708 700)
4(627 707 708 628)
4(621 629 709 701)
4(628 708 709 629)
4(622 630 710 702)
4(629 709 710 630)
4(623 631 711 703)
4(630 710 711 631)
4(624 632 712 704)
4(631 711 712 632)
4(632 712 713 633)
4(626 634 714 706)
4(112 233 714 634)
4(627 635 715 707)
4(634 714 715 635)
4(628 636 716 708)
4(635 715 716 636)
4(629 637 717 709)
4(636 716 717 637)
4(630 638 718 710)
4(637 717 718 638)
4(631 639 719 711)
4(638 718 719 639)
4(632 640 720 712)
4(639 719 720 640)
4(640 720 721 641)
4(634 642 722 714)
4(111 232 722 642)
4(635 643 723 715)
4(642 722 723 643)
4(636 644 724 716)
4(643 723 724 644)
4(637 645 725 717)
4(644 724 725 645)
4(638 646 726 718)
4(645 725 726 646)
4(639 647 727 719)
4(646 726 727 647)
4(640 648 728 720)
4(647 727 728 648)
4(648 728 729 649)
4(642 650 730 722)
4(110 231 730 650)
4(643 651 731 723)
4(650 730 731 651)
4(644 652 732 724)
4(651 731 732 652)
4(645 653 733 725)
4(652 732 733 653)
4(646 654 734 726)
4(653 733 734 654)
4(647 655 735 727)
4(654 734 735 655)
4(648 656 736 728)
4(655 735 736 656)
4(656 736 737 657)
4(650 738 810 730)
4(99 220 810 738)
4(651 739 811 731)
4(738 810 811 739)
4(652 740 812 732)
4(739 811 812 740)
4(653 741 813 733)
4(740 812 813 741)
4(654 742 814 734)
4(741 813 814 742)
4(655 743 815 735)
4(742 814 815 743)
4(656 744 816 736)
4(743 815 816 744)
4(744 816 817 745)
4(738 746 818 810)
4(88 209 818 746)
4(739 747 819 811)
4(746 818 819 747)
4(740 748 820 812)
4(747 819 820 748)
4(741 749 821 813)
4(748 820 821 749)
4(742 750 822 814)
4(749 821 822 750)
4(743 751 823 815)
4(750 822 823 751)
4(744 752 824 816)
4(751 823 824 752)
4(752 824 825 753)
4(746 754 826 818)
4(77 198 826 754)
4(747 755 827 819)
4(754 826 827 755)
4(748 756 828 820)
4(755 827 828 756)
4(749 757 829 821)
4(756 828 829 757)
4(750 758 830 822)
4(757 829 830 758)
4(751 759 831 823)
4(758 830 831 759)
4(752 760 832 824)
4(759 831 832 760)
4(760 832 833 761)
4(754 762 834 826)
4(66 187 834 762)
4(755 763 835 827)
4(762 834 835 763)
4(756 764 836 828)
4(763 835 836 764)
4(757 765 837 829)
4(764 836 837 765)
4(758 766 838 830)
4(765 837 838 766)
4(759 767 839 831)
4(766 838 839 767)
4(760 768 840 832)
4(767 839 840 768)
4(768 840 841 769)
4(762 770 842 834)
4(55 176 842 770)
4(763 771 843 835)
4(770 842 843 771)
4(764 772 844 836)
4(771 843 844 772)
4(765 773 845 837)
4(772 844 845 773)
4(766 774 846 838)
4(773 845 846 774)
4(767 775 847 839)
4(774 846 847 775)
4(768 776 848 840)
4(775 847 848 776)
4(776 848 849 777)
4(770 778 850 842)
4(44 165 850 778)
4(771 779 851 843)
4(778 850 851 779)
4(772 780 852 844)
4(779 851 852 780)
4(773 781 853 845)
4(780 852 853 781)
4(774 782 854 846)
4(781 853 854 782)
4(775 783 855 847)
4(782 854 855 783)
4(776 784 856 848)
4(783 855 856 784)
4(784 856 857 785)
4(778 786 858 850)
4(33 154 858 786)
4(779 787 859 851)
4(786 858 859 787)
4(780 788 860 852)
4(787 859 860 788)
4(781 789 861 853)
4(788 860 861 789)
4(782 790 862 854)
4(789 861 862 790)
4(783 791 863 855)
4(790 862 863 791)
4(784 792 864 856)
4(791 863 864 792)
4(792 864 865 793)
4(786 794 866 858)
4(22 143 866 794)
4(787 795 867 859)
4(794 866 867 795)
4(788 796 868 860)
4(795 867 868 796)
4(789 797 869 861)
4(796 868 869 797)
4(790 798 870 862)
4(797 869 870 798)
4(791 799 871 863)
4(798 870 871 799)
4(792 800 872 864)
4(799 871 872 800)
4(800 872 873 801)
4(794 802 874 866)
4(11 132 874 802)
4(795 803 875 867)
4(802 874 875 803)
4(796 804 876 868)
4(803 875 876 804)
4(797 805 877 869)
4(804 876 877 805)
4(798 806 878 870)
4(805 877 878 806)
4(799 807 879 871)
4(806 878 879 807)
4(800 808 880 872)
4(807 879 880 808)
4(808 880 881 809)
4(802 242 330 874)
4(803 243 331 875)
4(804 244 332 876)
4(805 245 333 877)
4(806 246 334 878)
4(807 247 335 879)
4(808 248 336 880)
4(121 122 133 132)
4(132 133 144 143)
4(143 144 155 154)
4(154 155 166 165)
4(165 166 177 176)
4(176 177 188 187)
4(187 188 199 198)
4(198 199 210 209)
4(209 210 221 220)
4(220 221 232 231)
4(122 123 134 133)
4(133 134 145 144)
4(144 145 156 155)
4(155 156 167 166)
4(166 167 178 177)
4(177 178 189 188)
4(188 189 200 199)
4(199 200 211 210)
4(210 211 222 221)
4(221 222 233 232)
4(123 124 135 134)
4(134 135 146 145)
4(145 146 157 156)
4(156 157 168 167)
4(167 168 179 178)
4(178 179 190 189)
4(189 190 201 200)
4(200 201 212 211)
4(211 212 223 222)
4(222 223 234 233)
4(124 125 136 135)
4(135 136 147 146)
4(146 147 158 157)
4(157 158 169 168)
4(168 169 180 179)
4(179 180 191 190)
4(190 191 202 201)
4(201 202 213 212)
4(212 213 224 223)
4(223 224 235 234)
4(125 126 137 136)
4(136 137 148 147)
4(147 148 159 158)
4(158 159 170 169)
4(169 170 181 180)
4(180 181 192 191)
4(191 192 203 202)
4(202 203 214 213)
4(213 214 225 224)
4(224 225 236 235)
4(126 127 138 137)
4(137 138 149 148)
4(148 149 160 159)
4(159 160 171 170)
4(170 171 182 181)
4(181 182 193 192)
4(192 193 204 203)
4(203 204 215 214)
4(214 215 226 225)
4(225 226 237 236)
4(127 128 139 138)
4(138 139 150 149)
4(149 150 161 160)
4(160 161 172 171)
4(171 172 183 182)
4(182 183 194 193)
4(193 194 205 204)
4(204 205 216 215)
4(215 216 227 226)
4(226 227 238 237)
4(128 129 140 139)
4(139 140 151 150)
4(150 151 162 161)
4(161 162 173 172)
4(172 173 184 183)
4(183 184 195 194)
4(194 195 206 205)
4(205 206 217 216)
4(216 217 228 227)
4(227 228 239 238)
4(129 130 141 140)
4(140 141 152 151)
4(151 152 163 162)
4(162 163 174 173)
4(173 174 185 184)
4(184 185 196 195)
4(195 196 207 206)
4(206 207 218 217)
4(217 218 229 228)
4(228 229 240 239)
4(130 131 142 141)
4(141 142 153 152)
4(152 153 164 163)
4(163 164 175 174)
4(174 175 186 185)
4(185 186 197 196)
4(196 197 208 207)
4(207 208 219 218)
4(218 219 230 229)
4(229 230 241 240)
4(121 330 338 122)
4(122 338 346 123)
4(123 346 354 124)
4(124 354 362 125)
4(125 362 370 126)
4(126 370 378 127)
4(127 378 386 128)
4(128 386 394 129)
4(129 394 402 130)
4(130 402 410 131)
4(330 331 339 338)
4(338 339 347 346)
4(346 347 355 354)
4(354 355 363 362)
4(362 363 371 370)
4(370 371 379 378)
4(378 379 387 386)
4(386 387 395 394)
4(394 395 403 402)
4(402 403 411 410)
4(331 332 340 339)
4(339 340 348 347)
4(347 348 356 355)
4(355 356 364 363)
4(363 364 372 371)
4(371 372 380 379)
4(379 380 388 387)
4(387 388 396 395)
4(395 396 404 403)
4(403 404 412 411)
4(332 333 341 340)
4(340 341 349 348)
4(348 349 357 356)
4(356 357 365 364)
4(364 365 373 372)
4(372 373 381 380)
4(380 381 389 388)
4(388 389 397 396)
4(396 397 405 404)
4(404 405 413 412)
4(333 334 342 341)
4(341 342 350 349)
4(349 350 358 357)
4(357 358 366 365)
4(365 366 374 373)
4(373 374 382 381)
4(381 382 390 389)
4(389 390 398 397)
4(397 398 406 405)
4(405 406 414 413)
4(334 335 343 342)
4(342 343 351 350)
4(350 351 359 358)
4(358 359 367 366)
4(366 367 375 374)
4(374 375 383 382)
4(382 383 391 390)
4(390 391 399 398)
4(398 399 407 406)
4(406 407 415 414)
4(335 336 344 343)
4(343 344 352 351)
4(351 352 360 359)
4(359 360 368 367)
4(367 368 376 375)
4(375 376 384 383)
4(383 384 392 391)
4(391 392 400 399)
4(399 400 408 407)
4(407 408 416 415)
4(336 337 345 344)
4(344 345 353 352)
4(352 353 361 360)
4(360 361 369 368)
4(368 369 377 376)
4(376 377 385 384)
4(384 385 393 392)
4(392 393 401 400)
4(400 401 409 408)
4(408 409 417 416)
4(131 410 498 142)
4(142 498 506 153)
4(153 506 514 164)
4(164 514 522 175)
4(175 522 530 186)
4(186 530 538 197)
4(197 538 546 208)
4(208 546 554 219)
4(219 554 562 230)
4(230 562 570 241)
4(410 411 499 498)
4(498 499 507 506)
4(506 507 515 514)
4(514 515 523 522)
4(522 523 531 530)
4(530 531 539 538)
4(538 539 547 546)
4(546 547 555 554)
4(554 555 563 562)
4(562 563 571 570)
4(411 412 500 499)
4(499 500 508 507)
4(507 508 516 515)
4(515 516 524 523)
4(523 524 532 531)
4(531 532 540 539)
4(539 540 548 547)
4(547 548 556 555)
4(555 556 564 563)
4(563 564 572 571)
4(412 413 501 500)
4(500 501 509 508)
4(508 509 517 516)
4(516 517 525 524)
4(524 525 533 532)
4(532 533 541 540)
4(540 541 549 548)
4(548 549 557 556)
4(556 557 565 564)
4(564 565 573 572)
4(413 414 502 501)
4(501 502 510 509)
4(509 510 518 517)
4(517 518 526 525)
4(525 526 534 533)
4(533 534 542 541)
4(541 542 550 549)
4(549 550 558 557)
4(557 558 566 565)
4(565 566 574 573)
4(414 415 503 502)
4(502 503 511 510)
4(510 511 519 518)
4(518 519 527 526)
4(526 527 535 534)
4(534 535 543 542)
4(542 543 551 550)
4(550 551 559 558)
4(558 559 567 566)
4(566 567 575 574)
4(415 416 504 503)
4(503 504 512 511)
4(511 512 520 519)
4(519 520 528 527)
4(527 528 536 535)
4(535 536 544 543)
4(543 544 552 551)
4(551 552 560 559)
4(559 560 568 567)
4(567 568 576 575)
4(416 417 505 504)
4(504 505 513 512)
4(512 513 521 520)
4(520 521 529 528)
4(528 529 537 536)
4(536 537 545 544)
4(544 545 553 552)
4(552 553 561 560)
4(560 561 569 568)
4(568 569 577 576)
4(241 570 658 240)
4(240 658 666 239)
4(239 666 674 238)
4(238 674 682 237)
4(237 682 690 236)
4(236 690 698 235)
4(235 698 706 234)
4(234 706 714 233)
4(233 714 722 232)
4(232 722 730 231)
4(570 571 659 658)
4(658 659 667 666)
4(666 667 675 674)
4(674 675 683 682)
4(682 683 691 690)
4(690 691 699 698)
4(698 699 707 706)
4(706 707 715 714)
4(714 715 723 722)
4(722 723 731 730)
4(571 572 660 659)
4(659 660 668 667)
4(667 668 676 675)
4(675 676 684 683)
4(683 684 692 691)
4(691 692 700 699)
4(699 700 708 707)
4(707 708 716 715)
4(715 716 724 723)
4(723 724 732 731)
4(572 573 661 660)
4(660 661 669 668)
4(668 669 677 676)
4(676 677 685 684)
4(684 685 693 692)
4(692 693 701 700)
4(700 701 709 708)
4(708 709 717 716)
4(716 717 725 724)
4(724 725 733 732)
4(573 574 662 661)
4(661 662 670 669)
4(669 670 678 677)
4(677 678 686 685)
4(685 686 694 693)
4(693 694 702 701)
4(701 702 710 709)
4(709 710 718 717)
4(717 718 726 725)
4(725 726 734 733)
4(574 575 663 662)
4(662 663 671 670)
4(670 671 679 678)
4(678 679 687 686)
4(686 687 695 694)
4(694 695 703 702)
4(702 703 711 710)
4(710 711 719 718)
4(718 719 727 726)
4(726 727 735 734)
4(575 576 664 663)
4(663 664 672 671)
4(671 672 680 679)
4(679 680 688 687)
4(687 688 696 695)
4(695 696 704 703)
4(703 704 712 711)
4(711 712 720 719)
4(719 720 728 727)
4(727 728 736 735)
4(576 577 665 664)
4(664 665 673 672)
4(672 673 681 680)
4(680 681 689 688)
4(688 689 697 696)
4(696 697 705 704)
4(704 705 713 712)
4(712 713 721 720)
4(720 721 729 728)
4(728 729 737 736)
4(231 730 810 220)
4(220 810 818 209)
4(209 818 826 198)
4(198 826 834 187)
4(187 834 842 176)
4(176 842 850 165)
4(165 850 858 154)
4(154 858 866 143)
4(143 866 874 132)
4(132 874 330 121)
4(730 731 811 810)
4(810 811 819 818)
4(818 819 827 826)
4(826 827 835 834)
4(834 835 843 842)
4(842 843 851 850)
4(850 851 859 858)
4(858 859 867 866)
4(866 867 875 874)
4(874 875 331 330)
4(731 732 812 811)
4(811 812 820 819)
4(819 820 828 827)
4(827 828 836 835)
4(835 836 844 843)
4(843 844 852 851)
4(851 852 860 859)
4(859 860 868 867)
4(867 868 876 875)
4(875 876 332 331)
4(732 733 813 812)
4(812 813 821 820)
4(820 821 829 828)
4(828 829 837 836)
4(836 837 845 844)
4(844 845 853 852)
4(852 853 861 860)
4(860 861 869 868)
4(868 869 877 876)
4(876 877 333 332)
4(733 734 814 813)
4(813 814 822 821)
4(821 822 830 829)
4(829 830 838 837)
4(837 838 846 845)
4(845 846 854 853)
4(853 854 862 861)
4(861 862 870 869)
4(869 870 878 877)
4(877 878 334 333)
4(734 735 815 814)
4(814 815 823 822)
4(822 823 831 830)
4(830 831 839 838)
4(838 839 847 846)
4(846 847 855 854)
4(854 855 863 862)
4(862 863 871 870)
4(870 871 879 878)
4(878 879 335 334)
4(735 736 816 815)
4(815 816 824 823)
4(823 824 832 831)
4(831 832 840 839)
4(839 840 848 847)
4(847 848 856 855)
4(855 856 864 863)
4(863 864 872 871)
4(871 872 880 879)
4(879 880 336 335)
4(736 737 817 816)
4(816 817 825 824)
4(824 825 833 832)
4(832 833 841 840)
4(840 841 849 848)
4(848 849 857 856)
4(856 857 865 864)
4(864 865 873 872)
4(872 873 881 880)
4(880 881 337 336)
4(0 11 12 1)
4(11 22 23 12)
4(22 33 34 23)
4(33 44 45 34)
4(44 55 56 45)
4(55 66 67 56)
4(66 77 78 67)
4(77 88 89 78)
4(88 99 100 89)
4(99 110 111 100)
4(1 12 13 2)
4(12 23 24 13)
4(23 34 35 24)
4(34 45 46 35)
4(45 56 57 46)
4(56 67 68 57)
4(67 78 79 68)
4(78 89 90 79)
4(89 100 101 90)
4(100 111 112 101)
4(2 13 14 3)
4(13 24 25 14)
4(24 35 36 25)
4(35 46 47 36)
4(46 57 58 47)
4(57 68 69 58)
4(68 79 80 69)
4(79 90 91 80)
4(90 101 102 91)
4(101 112 113 102)
4(3 14 15 4)
4(14 25 26 15)
4(25 36 37 26)
4(36 47 48 37)
4(47 58 59 48)
4(58 69 70 59)
4(69 80 81 70)
4(80 91 92 81)
4(91 102 103 92)
4(102 113 114 103)
4(4 15 16 5)
4(15 26 27 16)
4(26 37 38 27)
4(37 48 49 38)
4(48 59 60 49)
4(59 70 71 60)
4(70 81 82 71)
4(81 92 93 82)
4(92 103 104 93)
4(103 114 115 104)
4(5 16 17 6)
4(16 27 28 17)
4(27 38 39 28)
4(38 49 50 39)
4(49 60 61 50)
4(60 71 72 61)
4(71 82 83 72)
4(82 93 94 83)
4(93 104 105 94)
4(104 115 116 105)
4(6 17 18 7)
4(17 28 29 18)
4(28 39 40 29)
4(39 50 51 40)
4(50 61 62 51)
4(61 72 73 62)
4(72 83 84 73)
4(83 94 95 84)
4(94 105 106 95)
4(105 116 117 106)
4(7 18 19 8)
4(18 29 30 19)
4(29 40 41 30)
4(40 51 52 41)
4(51 62 63 52)
4(62 73 74 63)
4(73 84 85 74)
4(84 95 96 85)
4(95 106 107 96)
4(106 117 118 107)
4(8 19 20 9)
4(19 30 31 20)
4(30 41 42 31)
4(41 52 53 42)
4(52 63 64 53)
4(63 74 75 64)
4(74 85 86 75)
4(85 96 97 86)
4(96 107 108 97)
4(107 118 119 108)
4(9 20 21 10)
4(20 31 32 21)
4(31 42 43 32)
4(42 53 54 43)
4(53 64 65 54)
4(64 75 76 65)
4(75 86 87 76)
4(86 97 98 87)
4(97 108 109 98)
4(108 119 120 109)
4(0 1 250 242)
4(1 2 258 250)
4(2 3 266 258)
4(3 4 274 266)
4(4 5 282 274)
4(5 6 290 282)
4(6 7 298 290)
4(7 8 306 298)
4(8 9 314 306)
4(9 10 322 314)
4(242 250 251 243)
4(250 258 259 251)
4(258 266 267 259)
4(266 274 275 267)
4(274 282 283 275)
4(282 290 291 283)
4(290 298 299 291)
4(298 306 307 299)
4(306 314 315 307)
4(314 322 323 315)
4(243 251 252 244)
4(251 259 260 252)
4(259 267 268 260)
4(267 275 276 268)
4(275 283 284 276)
4(283 291 292 284)
4(291 299 300 292)
4(299 307 308 300)
4(307 315 316 308)
4(315 323 324 316)
4(244 252 253 245)
4(252 260 261 253)
4(260 268 269 261)
4(268 276 277 269)
4(276 284 285 277)
4(284 292 293 285)
4(292 300 301 293)
4(300 308 309 301)
4(308 316 317 309)
4(316 324 325 317)
4(245 253 254 246)
4(253 261 262 254)
4(261 269 270 262)
4(269 277 278 270)
4(277 285 286 278)
4(285 293 294 286)
4(293 301 302 294)
4(301 309 310 302)
4(309 317 318 310)
4(317 325 326 318)
4(246 254 255 247)
4(254 262 263 255)
4(262 270 271 263)
4(270 278 279 271)
4(278 286 287 279)
4(286 294 295 287)
4(294 302 303 295)
4(302 310 311 303)
4(310 318 319 311)
4(318 326 327 319)
4(247 255 256 248)
4(255 263 264 256)
4(263 271 272 264)
4(271 279 280 272)
4(279 287 288 280)
4(287 295 296 288)
4(295 303 304 296)
4(303 311 312 304)
4(311 319 320 312)
4(319 327 328 320)
4(248 256 257 249)
4(256 264 265 257)
4(264 272 273 265)
4(272 280 281 273)
4(280 288 289 281)
4(288 296 297 289)
4(296 304 305 297)
4(304 312 313 305)
4(312 320 321 313)
4(320 328 329 321)
4(10 21 418 322)
4(21 32 426 418)
4(32 43 434 426)
4(43 54 442 434)
4(54 65 450 442)
4(65 76 458 450)
4(76 87 466 458)
4(87 98 474 466)
4(98 109 482 474)
4(109 120 490 482)
4(322 418 419 323)
4(418 426 427 419)
4(426 434 435 427)
4(434 442 443 435)
4(442 450 451 443)
4(450 458 459 451)
4(458 466 467 459)
4(466 474 475 467)
4(474 482 483 475)
4(482 490 491 483)
4(323 419 420 324)
4(419 427 428 420)
4(427 435 436 428)
4(435 443 444 436)
4(443 451 452 444)
4(451 459 460 452)
4(459 467 468 460)
4(467 475 476 468)
4(475 483 484 476)
4(483 491 492 484)
4(324 420 421 325)
4(420 428 429 421)
4(428 436 437 429)
4(436 444 445 437)
4(444 452 453 445)
4(452 460 461 453)
4(460 468 469 461)
4(468 476 477 469)
4(476 484 485 477)
4(484 492 493 485)
4(325 421 422 326)
4(421 429 430 422)
4(429 437 438 430)
4(437 445 446 438)
4(445 453 454 446)
4(453 461 462 454)
4(461 469 470 462)
4(469 477 478 470)
4(477 485 486 478)
4(485 493 494 486)
4(326 422 423 327)
4(422 430 431 423)
4(430 438 439 431)
4(438 446 447 439)
4(446 454 455 447)
4(454 462 463 455)
4(462 470 471 463)
4(470 478 479 471)
4(478 486 487 479)
4(486 494 495 487)
4(327 423 424 328)
4(423 431 432 424)
4(431 439 440 432)
4(439 447 448 440)
4(447 455 456 448)
4(455 463 464 456)
4(463 471 472 464)
4(471 479 480 472)
4(479 487 488 480)
4(487 495 496 488)
4(328 424 425 329)
4(424 432 433 425)
4(432 440 441 433)
4(440 448 449 441)
4(448 456 457 449)
4(456 464 465 457)
4(464 472 473 465)
4(472 480 481 473)
4(480 488 489 481)
4(488 496 497 489)
4(120 119 578 490)
4(119 118 586 578)
4(118 117 594 586)
4(117 116 602 594)
4(116 115 610 602)
4(115 114 618 610)
4(114 113 626 618)
4(113 112 634 626)
4(112 111 642 634)
4(111 110 650 642)
4(490 578 579 491)
4(578 586 587 579)
4(586 594 595 587)
4(594 602 603 595)
4(602 610 611 603)
4(610 618 619 611)
4(618 626 627 619)
4(626 634 635 627)
4(634 642 643 635)
4(642 650 651 643)
4(491 579 580 492)
4(579 587 588 580)
4(587 595 596 588)
4(595 603 604 596)
4(603 611 612 604)
4(611 619 620 612)
4(619 627 628 620)
4(627 635 636 628)
4(635 643 644 636)
4(643 651 652 644)
4(492 580 581 493)
4(580 588 589 581)
4(588 596 597 589)
4(596 604 605 597)
4(604 612 613 605)
4(612 620 621 613)
4(620 628 629 621)
4(628 636 637 629)
4(636 644 645 637)
4(644 652 653 645)
4(493 581 582 494)
4(581 589 590 582)
4(589 597 598 590)
4(597 605 606 598)
4(605 613 614 606)
4(613 621 622 614)
4(621 629 630 622)
4(629 637 638 630)
4(637 645 646 638)
4(645 653 654 646)
4(494 582 583 495)
4(582 590 591 583)
4(590 598 599 591)
4(598 606 607 599)
4(606 614 615 607)
4(614 622 623 615)
4(622 630 631 623)
4(630 638 639 631)
4(638 646 647 639)
4(646 654 655 647)
4(495 583 584 496)
4(583 591 592 584)
4(591 599 600 592)
4(599 607 608 600)
4(607 615 616 608)
4(615 623 624 616)
4(623 631 632 624)
4(631 639 640 632)
4(639 647 648 640)
4(647 655 656 648)
4(496 584 585 497)
4(584 592 593 585)
4(592 600 601 593)
4(600 608 609 601)
4(608 616 617 609)
4(616 624 625 617)
4(624 632 633 625)
4(632 640 641 633)
4(640 648 649 641)
4(648 656 657 649)
4(110 99 738 650)
4(99 88 746 738)
4(88 77 754 746)
4(77 66 762 754)
4(66 55 770 762)
4(55 44 778 770)
4(44 33 786 778)
4(33 22 794 786)
4(22 11 802 794)
4(11 0 242 802)
4(650 738 739 651)
4(738 746 747 739)
4(746 754 755 747)
4(754 762 763 755)
4(762 770 771 763)
4(770 778 779 771)
4(778 786 787 779)
4(786 794 795 787)
4(794 802 803 795)
4(802 242 243 803)
4(651 739 740 652)
4(739 747 748 740)
4(747 755 756 748)
4(755 763 764 756)
4(763 771 772 764)
4(771 779 780 772)
4(779 787 788 780)
4(787 795 796 788)
4(795 803 804 796)
4(803 243 244 804)
4(652 740 741 653)
4(740 748 749 741)
4(748 756 757 749)
4(756 764 765 757)
4(764 772 773 765)
4(772 780 781 773)
4(780 788 789 781)
4(788 796 797 789)
4(796 804 805 797)
4(804 244 245 805)
4(653 741 742 654)
4(741 749 750 742)
4(749 757 758 750)
4(757 765 766 758)
4(765 773 774 766)
4(773 781 782 774)
4(781 789 790 782)
4(789 797 798 790)
4(797 805 806 798)
4(805 245 246 806)
4(654 742 743 655)
4(742 750 751 743)
4(750 758 759 751)
4(758 766 767 759)
4(766 774 775 767)
4(774 782 783 775)
4(782 790 791 783)
4(790 798 799 791)
4(798 806 807 799)
4(806 246 247 807)
4(655 743 744 656)
4(743 751 752 744)
4(751 759 760 752)
4(759 767 768 760)
4(767 775 776 768)
4(775 783 784 776)
4(783 791 792 784)
4(791 799 800 792)
4(799 807 808 800)
4(807 247 248 808)
4(656 744 745 657)
4(744 752 753 745)
4(752 760 761 753)
4(760 768 769 761)
4(768 776 777 769)
4(776 784 785 777)
4(784 792 793 785)
4(792 800 801 793)
4(800 808 809 801)
4(808 248 249 809)
4(657 745 817 737)
4(745 753 825 817)
4(753 761 833 825)
4(761 769 841 833)
4(769 777 849 841)
4(777 785 857 849)
4(785 793 865 857)
4(793 801 873 865)
4(801 809 881 873)
4(809 249 337 881)
4(249 257 345 337)
4(257 265 353 345)
4(265 273 361 353)
4(273 281 369 361)
4(281 289 377 369)
4(289 297 385 377)
4(297 305 393 385)
4(305 313 401 393)
4(313 321 409 401)
4(321 329 417 409)
4(329 425 505 417)
4(425 433 513 505)
4(433 441 521 513)
4(441 449 529 521)
4(449 457 537 529)
4(457 465 545 537)
4(465 473 553 545)
4(473 481 561 553)
4(481 489 569 561)
4(489 497 577 569)
4(497 585 665 577)
4(585 593 673 665)
4(593 601 681 673)
4(601 609 689 681)
4(609 617 697 689)
4(617 625 705 697)
4(625 633 713 705)
4(633 641 721 713)
4(641 649 729 721)
4(649 657 737 729)
)


// ************************************************************************* //
