/*--------------------------------*- C++ -*----------------------------------*\
| =========                 |                                                 |
| \\      /  F ield         | OpenFOAM: The Open Source CFD Toolbox           |
|  \\    /   O peration     | Version:  5.0                                   |
|   \\  /    A nd           | Web:      www.OpenFOAM.org                      |
|    \\/     M anipulation  |                                                 |
\*---------------------------------------------------------------------------*/
FoamFile
{
    version     2.0;
    format      ascii;
    class       labelList;
    note        "nPoints: 882 nCells: 420 nFaces: 1700 nInternalFaces: 820";
    location    "constant/polyMesh";
    object      neighbour;
}
// * * * * * * * * * * * * * * * * * * * * * * * * * * * * * * * * * * * * * //


820
(
1
10
100
412
2
11
108
3
12
116
4
13
124
5
14
132
6
15
140
7
16
148
8
17
156
9
18
164
19
172
180
11
20
404
12
21
13
22
14
23
15
24
16
25
17
26
18
27
19
28
29
188
21
30
396
22
31
23
32
24
33
25
34
26
35
27
36
28
37
29
38
39
196
31
40
388
32
41
33
42
34
43
35
44
36
45
37
46
38
47
39
48
49
204
41
50
380
42
51
43
52
44
53
45
54
46
55
47
56
48
57
49
58
59
212
51
60
372
52
61
53
62
54
63
55
64
56
65
57
66
58
67
59
68
69
220
61
70
364
62
71
63
72
64
73
65
74
66
75
67
76
68
77
69
78
79
228
71
80
356
72
81
73
82
74
83
75
84
76
85
77
86
78
87
79
88
89
236
81
90
348
82
91
83
92
84
93
85
94
86
95
87
96
88
97
89
98
99
244
91
332
340
92
324
93
316
94
308
95
300
96
292
97
284
98
276
99
268
252
260
101
108
412
102
109
413
103
110
414
104
111
415
105
112
416
106
113
417
107
114
418
115
419
109
116
110
117
111
118
112
119
113
120
114
121
115
122
123
117
124
118
125
119
126
120
127
121
128
122
129
123
130
131
125
132
126
133
127
134
128
135
129
136
130
137
131
138
139
133
140
134
141
135
142
136
143
137
144
138
145
139
146
147
141
148
142
149
143
150
144
151
145
152
146
153
147
154
155
149
156
150
157
151
158
152
159
153
160
154
161
155
162
163
157
164
158
165
159
166
160
167
161
168
162
169
163
170
171
165
172
166
173
167
174
168
175
169
176
170
177
171
178
179
173
180
174
181
175
182
176
183
177
184
178
185
179
186
187
181
188
182
189
183
190
184
191
185
192
186
193
187
194
195
189
196
190
197
191
198
192
199
193
200
194
201
195
202
203
197
204
198
205
199
206
200
207
201
208
202
209
203
210
211
205
212
206
213
207
214
208
215
209
216
210
217
211
218
219
213
220
214
221
215
222
216
223
217
224
218
225
219
226
227
221
228
222
229
223
230
224
231
225
232
226
233
227
234
235
229
236
230
237
231
238
232
239
233
240
234
241
235
242
243
237
244
238
245
239
246
240
247
241
248
242
249
243
250
251
245
252
246
253
247
254
248
255
249
256
250
257
251
258
259
253
260
254
261
255
262
256
263
257
264
258
265
259
266
267
261
268
262
269
263
270
264
271
265
272
266
273
267
274
275
269
276
270
277
271
278
272
279
273
280
274
281
275
282
283
277
284
278
285
279
286
280
287
281
288
282
289
283
290
291
285
292
286
293
287
294
288
295
289
296
290
297
291
298
299
293
300
294
301
295
302
296
303
297
304
298
305
299
306
307
301
308
302
309
303
310
304
311
305
312
306
313
307
314
315
309
316
310
317
311
318
312
319
313
320
314
321
315
322
323
317
324
318
325
319
326
320
327
321
328
322
329
323
330
331
325
332
326
333
327
334
328
335
329
336
330
337
331
338
339
333
340
334
341
335
342
336
343
337
344
338
345
339
346
347
341
348
342
349
343
350
344
351
345
352
346
353
347
354
355
349
356
350
357
351
358
352
359
353
360
354
361
355
362
363
357
364
358
365
359
366
360
367
361
368
362
369
363
370
371
365
372
366
373
367
374
368
375
369
376
370
377
371
378
379
373
380
374
381
375
382
376
383
377
384
378
385
379
386
387
381
388
382
389
383
390
384
391
385
392
386
393
387
394
395
389
396
390
397
391
398
392
399
393
400
394
401
395
402
403
397
404
398
405
399
406
400
407
401
408
402
409
403
410
411
405
412
406
413
407
414
408
415
409
416
410
417
411
418
419
413
414
415
416
417
418
419
)


// ************************************************************************* //
