/*--------------------------------*- C++ -*----------------------------------*\
| =========                 |                                                 |
| \\      /  F ield         | OpenFOAM: The Open Source CFD Toolbox           |
|  \\    /   O peration     | Version:  5.0                                   |
|   \\  /    A nd           | Web:      www.OpenFOAM.org                      |
|    \\/     M anipulation  |                                                 |
\*---------------------------------------------------------------------------*/
FoamFile
{
    version     2.0;
    format      ascii;
    class       labelList;
    note        "nPoints: 882 nCells: 420 nFaces: 1700 nInternalFaces: 820";
    location    "constant/polyMesh";
    object      owner;
}
// * * * * * * * * * * * * * * * * * * * * * * * * * * * * * * * * * * * * * //


1700
(
0
0
0
0
1
1
1
2
2
2
3
3
3
4
4
4
5
5
5
6
6
6
7
7
7
8
8
8
9
9
9
10
10
10
11
11
12
12
13
13
14
14
15
15
16
16
17
17
18
18
19
19
20
20
20
21
21
22
22
23
23
24
24
25
25
26
26
27
27
28
28
29
29
30
30
30
31
31
32
32
33
33
34
34
35
35
36
36
37
37
38
38
39
39
40
40
40
41
41
42
42
43
43
44
44
45
45
46
46
47
47
48
48
49
49
50
50
50
51
51
52
52
53
53
54
54
55
55
56
56
57
57
58
58
59
59
60
60
60
61
61
62
62
63
63
64
64
65
65
66
66
67
67
68
68
69
69
70
70
70
71
71
72
72
73
73
74
74
75
75
76
76
77
77
78
78
79
79
80
80
80
81
81
82
82
83
83
84
84
85
85
86
86
87
87
88
88
89
89
90
90
90
91
91
92
92
93
93
94
94
95
95
96
96
97
97
98
98
99
99
100
100
100
101
101
101
102
102
102
103
103
103
104
104
104
105
105
105
106
106
106
107
107
108
108
109
109
110
110
111
111
112
112
113
113
114
114
115
116
116
117
117
118
118
119
119
120
120
121
121
122
122
123
124
124
125
125
126
126
127
127
128
128
129
129
130
130
131
132
132
133
133
134
134
135
135
136
136
137
137
138
138
139
140
140
141
141
142
142
143
143
144
144
145
145
146
146
147
148
148
149
149
150
150
151
151
152
152
153
153
154
154
155
156
156
157
157
158
158
159
159
160
160
161
161
162
162
163
164
164
165
165
166
166
167
167
168
168
169
169
170
170
171
172
172
173
173
174
174
175
175
176
176
177
177
178
178
179
180
180
181
181
182
182
183
183
184
184
185
185
186
186
187
188
188
189
189
190
190
191
191
192
192
193
193
194
194
195
196
196
197
197
198
198
199
199
200
200
201
201
202
202
203
204
204
205
205
206
206
207
207
208
208
209
209
210
210
211
212
212
213
213
214
214
215
215
216
216
217
217
218
218
219
220
220
221
221
222
222
223
223
224
224
225
225
226
226
227
228
228
229
229
230
230
231
231
232
232
233
233
234
234
235
236
236
237
237
238
238
239
239
240
240
241
241
242
242
243
244
244
245
245
246
246
247
247
248
248
249
249
250
250
251
252
252
253
253
254
254
255
255
256
256
257
257
258
258
259
260
260
261
261
262
262
263
263
264
264
265
265
266
266
267
268
268
269
269
270
270
271
271
272
272
273
273
274
274
275
276
276
277
277
278
278
279
279
280
280
281
281
282
282
283
284
284
285
285
286
286
287
287
288
288
289
289
290
290
291
292
292
293
293
294
294
295
295
296
296
297
297
298
298
299
300
300
301
301
302
302
303
303
304
304
305
305
306
306
307
308
308
309
309
310
310
311
311
312
312
313
313
314
314
315
316
316
317
317
318
318
319
319
320
320
321
321
322
322
323
324
324
325
325
326
326
327
327
328
328
329
329
330
330
331
332
332
333
333
334
334
335
335
336
336
337
337
338
338
339
340
340
341
341
342
342
343
343
344
344
345
345
346
346
347
348
348
349
349
350
350
351
351
352
352
353
353
354
354
355
356
356
357
357
358
358
359
359
360
360
361
361
362
362
363
364
364
365
365
366
366
367
367
368
368
369
369
370
370
371
372
372
373
373
374
374
375
375
376
376
377
377
378
378
379
380
380
381
381
382
382
383
383
384
384
385
385
386
386
387
388
388
389
389
390
390
391
391
392
392
393
393
394
394
395
396
396
397
397
398
398
399
399
400
400
401
401
402
402
403
404
404
405
405
406
406
407
407
408
408
409
409
410
410
411
412
413
414
415
416
417
418
0
10
20
30
40
50
60
70
80
90
1
11
21
31
41
51
61
71
81
91
2
12
22
32
42
52
62
72
82
92
3
13
23
33
43
53
63
73
83
93
4
14
24
34
44
54
64
74
84
94
5
15
25
35
45
55
65
75
85
95
6
16
26
36
46
56
66
76
86
96
7
17
27
37
47
57
67
77
87
97
8
18
28
38
48
58
68
78
88
98
9
19
29
39
49
59
69
79
89
99
100
108
116
124
132
140
148
156
164
172
101
109
117
125
133
141
149
157
165
173
102
110
118
126
134
142
150
158
166
174
103
111
119
127
135
143
151
159
167
175
104
112
120
128
136
144
152
160
168
176
105
113
121
129
137
145
153
161
169
177
106
114
122
130
138
146
154
162
170
178
107
115
123
131
139
147
155
163
171
179
180
188
196
204
212
220
228
236
244
252
181
189
197
205
213
221
229
237
245
253
182
190
198
206
214
222
230
238
246
254
183
191
199
207
215
223
231
239
247
255
184
192
200
208
216
224
232
240
248
256
185
193
201
209
217
225
233
241
249
257
186
194
202
210
218
226
234
242
250
258
187
195
203
211
219
227
235
243
251
259
260
268
276
284
292
300
308
316
324
332
261
269
277
285
293
301
309
317
325
333
262
270
278
286
294
302
310
318
326
334
263
271
279
287
295
303
311
319
327
335
264
272
280
288
296
304
312
320
328
336
265
273
281
289
297
305
313
321
329
337
266
274
282
290
298
306
314
322
330
338
267
275
283
291
299
307
315
323
331
339
340
348
356
364
372
380
388
396
404
412
341
349
357
365
373
381
389
397
405
413
342
350
358
366
374
382
390
398
406
414
343
351
359
367
375
383
391
399
407
415
344
352
360
368
376
384
392
400
408
416
345
353
361
369
377
385
393
401
409
417
346
354
362
370
378
386
394
402
410
418
347
355
363
371
379
387
395
403
411
419
0
10
20
30
40
50
60
70
80
90
1
11
21
31
41
51
61
71
81
91
2
12
22
32
42
52
62
72
82
92
3
13
23
33
43
53
63
73
83
93
4
14
24
34
44
54
64
74
84
94
5
15
25
35
45
55
65
75
85
95
6
16
26
36
46
56
66
76
86
96
7
17
27
37
47
57
67
77
87
97
8
18
28
38
48
58
68
78
88
98
9
19
29
39
49
59
69
79
89
99
100
108
116
124
132
140
148
156
164
172
101
109
117
125
133
141
149
157
165
173
102
110
118
126
134
142
150
158
166
174
103
111
119
127
135
143
151
159
167
175
104
112
120
128
136
144
152
160
168
176
105
113
121
129
137
145
153
161
169
177
106
114
122
130
138
146
154
162
170
178
107
115
123
131
139
147
155
163
171
179
180
188
196
204
212
220
228
236
244
252
181
189
197
205
213
221
229
237
245
253
182
190
198
206
214
222
230
238
246
254
183
191
199
207
215
223
231
239
247
255
184
192
200
208
216
224
232
240
248
256
185
193
201
209
217
225
233
241
249
257
186
194
202
210
218
226
234
242
250
258
187
195
203
211
219
227
235
243
251
259
260
268
276
284
292
300
308
316
324
332
261
269
277
285
293
301
309
317
325
333
262
270
278
286
294
302
310
318
326
334
263
271
279
287
295
303
311
319
327
335
264
272
280
288
296
304
312
320
328
336
265
273
281
289
297
305
313
321
329
337
266
274
282
290
298
306
314
322
330
338
267
275
283
291
299
307
315
323
331
339
340
348
356
364
372
380
388
396
404
412
341
349
357
365
373
381
389
397
405
413
342
350
358
366
374
382
390
398
406
414
343
351
359
367
375
383
391
399
407
415
344
352
360
368
376
384
392
400
408
416
345
353
361
369
377
385
393
401
409
417
346
354
362
370
378
386
394
402
410
418
347
355
363
371
379
387
395
403
411
419
347
355
363
371
379
387
395
403
411
419
107
115
123
131
139
147
155
163
171
179
187
195
203
211
219
227
235
243
251
259
267
275
283
291
299
307
315
323
331
339
)


// ************************************************************************* //
