/*--------------------------------*- C++ -*----------------------------------*\
| =========                 |                                                 |
| \\      /  F ield         | OpenFOAM: The Open Source CFD Toolbox           |
|  \\    /   O peration     | Version:  5.0                                   |
|   \\  /    A nd           | Web:      www.OpenFOAM.org                      |
|    \\/     M anipulation  |                                                 |
\*---------------------------------------------------------------------------*/
FoamFile
{
    version     2.0;
    format      ascii;
    class       vectorField;
    location    "constant/polyMesh";
    object      points;
}
// * * * * * * * * * * * * * * * * * * * * * * * * * * * * * * * * * * * * * //


882
(
(-0.5 -0.5 0)
(-0.4 -0.5 0)
(-0.3 -0.5 0)
(-0.2 -0.5 0)
(-0.1 -0.5 0)
(0 -0.5 0)
(0.1 -0.5 0)
(0.2 -0.5 0)
(0.3 -0.5 0)
(0.4 -0.5 0)
(0.5 -0.5 0)
(-0.5 -0.4 0)
(-0.4 -0.4 0)
(-0.3 -0.4 0)
(-0.2 -0.4 0)
(-0.1 -0.4 0)
(0 -0.4 0)
(0.1 -0.4 0)
(0.2 -0.4 0)
(0.3 -0.4 0)
(0.4 -0.4 0)
(0.5 -0.4 0)
(-0.5 -0.3 0)
(-0.4 -0.3 0)
(-0.3 -0.3 0)
(-0.2 -0.3 0)
(-0.1 -0.3 0)
(0 -0.3 0)
(0.1 -0.3 0)
(0.2 -0.3 0)
(0.3 -0.3 0)
(0.4 -0.3 0)
(0.5 -0.3 0)
(-0.5 -0.2 0)
(-0.4 -0.2 0)
(-0.3 -0.2 0)
(-0.2 -0.2 0)
(-0.1 -0.2 0)
(0 -0.2 0)
(0.1 -0.2 0)
(0.2 -0.2 0)
(0.3 -0.2 0)
(0.4 -0.2 0)
(0.5 -0.2 0)
(-0.5 -0.1 0)
(-0.4 -0.1 0)
(-0.3 -0.1 0)
(-0.2 -0.1 0)
(-0.1 -0.1 0)
(0 -0.1 0)
(0.1 -0.1 0)
(0.2 -0.1 0)
(0.3 -0.1 0)
(0.4 -0.1 0)
(0.5 -0.1 0)
(-0.5 0 0)
(-0.4 0 0)
(-0.3 0 0)
(-0.2 0 0)
(-0.1 0 0)
(0 0 0)
(0.1 0 0)
(0.2 0 0)
(0.3 0 0)
(0.4 0 0)
(0.5 0 0)
(-0.5 0.1 0)
(-0.4 0.1 0)
(-0.3 0.1 0)
(-0.2 0.1 0)
(-0.1 0.1 0)
(0 0.1 0)
(0.1 0.1 0)
(0.2 0.1 0)
(0.3 0.1 0)
(0.4 0.1 0)
(0.5 0.1 0)
(-0.5 0.2 0)
(-0.4 0.2 0)
(-0.3 0.2 0)
(-0.2 0.2 0)
(-0.1 0.2 0)
(0 0.2 0)
(0.1 0.2 0)
(0.2 0.2 0)
(0.3 0.2 0)
(0.4 0.2 0)
(0.5 0.2 0)
(-0.5 0.3 0)
(-0.4 0.3 0)
(-0.3 0.3 0)
(-0.2 0.3 0)
(-0.1 0.3 0)
(0 0.3 0)
(0.1 0.3 0)
(0.2 0.3 0)
(0.3 0.3 0)
(0.4 0.3 0)
(0.5 0.3 0)
(-0.5 0.4 0)
(-0.4 0.4 0)
(-0.3 0.4 0)
(-0.2 0.4 0)
(-0.1 0.4 0)
(0 0.4 0)
(0.1 0.4 0)
(0.2 0.4 0)
(0.3 0.4 0)
(0.4 0.4 0)
(0.5 0.4 0)
(-0.5 0.5 0)
(-0.4 0.5 0)
(-0.3 0.5 0)
(-0.2 0.5 0)
(-0.1 0.5 0)
(0 0.5 0)
(0.1 0.5 0)
(0.2 0.5 0)
(0.3 0.5 0)
(0.4 0.5 0)
(0.5 0.5 0)
(-0.5 -0.5 1)
(-0.4 -0.5 1)
(-0.3 -0.5 1)
(-0.2 -0.5 1)
(-0.1 -0.5 1)
(0 -0.5 1)
(0.1 -0.5 1)
(0.2 -0.5 1)
(0.3 -0.5 1)
(0.4 -0.5 1)
(0.5 -0.5 1)
(-0.5 -0.4 1)
(-0.4 -0.4 1)
(-0.3 -0.4 1)
(-0.2 -0.4 1)
(-0.1 -0.4 1)
(0 -0.4 1)
(0.1 -0.4 1)
(0.2 -0.4 1)
(0.3 -0.4 1)
(0.4 -0.4 1)
(0.5 -0.4 1)
(-0.5 -0.3 1)
(-0.4 -0.3 1)
(-0.3 -0.3 1)
(-0.2 -0.3 1)
(-0.1 -0.3 1)
(0 -0.3 1)
(0.1 -0.3 1)
(0.2 -0.3 1)
(0.3 -0.3 1)
(0.4 -0.3 1)
(0.5 -0.3 1)
(-0.5 -0.2 1)
(-0.4 -0.2 1)
(-0.3 -0.2 1)
(-0.2 -0.2 1)
(-0.1 -0.2 1)
(0 -0.2 1)
(0.1 -0.2 1)
(0.2 -0.2 1)
(0.3 -0.2 1)
(0.4 -0.2 1)
(0.5 -0.2 1)
(-0.5 -0.1 1)
(-0.4 -0.1 1)
(-0.3 -0.1 1)
(-0.2 -0.1 1)
(-0.1 -0.1 1)
(0 -0.1 1)
(0.1 -0.1 1)
(0.2 -0.1 1)
(0.3 -0.1 1)
(0.4 -0.1 1)
(0.5 -0.1 1)
(-0.5 0 1)
(-0.4 0 1)
(-0.3 0 1)
(-0.2 0 1)
(-0.1 0 1)
(0 0 1)
(0.1 0 1)
(0.2 0 1)
(0.3 0 1)
(0.4 0 1)
(0.5 0 1)
(-0.5 0.1 1)
(-0.4 0.1 1)
(-0.3 0.1 1)
(-0.2 0.1 1)
(-0.1 0.1 1)
(0 0.1 1)
(0.1 0.1 1)
(0.2 0.1 1)
(0.3 0.1 1)
(0.4 0.1 1)
(0.5 0.1 1)
(-0.5 0.2 1)
(-0.4 0.2 1)
(-0.3 0.2 1)
(-0.2 0.2 1)
(-0.1 0.2 1)
(0 0.2 1)
(0.1 0.2 1)
(0.2 0.2 1)
(0.3 0.2 1)
(0.4 0.2 1)
(0.5 0.2 1)
(-0.5 0.3 1)
(-0.4 0.3 1)
(-0.3 0.3 1)
(-0.2 0.3 1)
(-0.1 0.3 1)
(0 0.3 1)
(0.1 0.3 1)
(0.2 0.3 1)
(0.3 0.3 1)
(0.4 0.3 1)
(0.5 0.3 1)
(-0.5 0.4 1)
(-0.4 0.4 1)
(-0.3 0.4 1)
(-0.2 0.4 1)
(-0.1 0.4 1)
(0 0.4 1)
(0.1 0.4 1)
(0.2 0.4 1)
(0.3 0.4 1)
(0.4 0.4 1)
(0.5 0.4 1)
(-0.5 0.5 1)
(-0.4 0.5 1)
(-0.3 0.5 1)
(-0.2 0.5 1)
(-0.1 0.5 1)
(0 0.5 1)
(0.1 0.5 1)
(0.2 0.5 1)
(0.3 0.5 1)
(0.4 0.5 1)
(0.5 0.5 1)
(-0.5625 -0.5625 0)
(-0.625 -0.625 0)
(-0.6875 -0.6875 0)
(-0.75 -0.75 0)
(-0.8125 -0.8125 0)
(-0.875 -0.875 0)
(-0.9375 -0.9375 0)
(-1 -1 0)
(-0.4539067344 -0.5805153506 0)
(-0.5078134688 -0.6610307012 0)
(-0.5617202032 -0.7415460518 0)
(-0.6156269376 -0.8220614024 0)
(-0.669533672 -0.902576753 0)
(-0.7234404064 -0.9830921036 0)
(-0.7773471408 -1.063607454 0)
(-0.8312538752 -1.144122805 0)
(-0.3427549402 -0.5950091887 0)
(-0.3855098804 -0.6900183773 0)
(-0.4282648205 -0.785027566 0)
(-0.4710197607 -0.8800367546 0)
(-0.5137747009 -0.9750459433 0)
(-0.5565296411 -1.070055132 0)
(-0.5992845813 -1.165064321 0)
(-0.6420395215 -1.260073509 0)
(-0.229627003 -0.6056246277 0)
(-0.259254006 -0.7112492555 0)
(-0.288881009 -0.8168738832 0)
(-0.318508012 -0.922498511 0)
(-0.348135015 -1.028123139 0)
(-0.377762018 -1.133747766 0)
(-0.407389021 -1.239372394 0)
(-0.437016024 -1.344997022 0)
(-0.1151539677 -0.6121002806 0)
(-0.1303079355 -0.7242005611 0)
(-0.1454619032 -0.8363008417 0)
(-0.1606158709 -0.9484011222 0)
(-0.1757698387 -1.060501403 0)
(-0.1909238064 -1.172601683 0)
(-0.2060777741 -1.284701964 0)
(-0.2212317418 -1.396802244 0)
(0 -0.614276695 0)
(0 -0.72855339 0)
(0 -0.842830085 0)
(0 -0.95710678 0)
(0 -1.071383475 0)
(0 -1.18566017 0)
(0 -1.299936865 0)
(0 -1.41421356 0)
(0.1151539677 -0.6121002806 0)
(0.1303079355 -0.7242005611 0)
(0.1454619032 -0.8363008417 0)
(0.1606158709 -0.9484011222 0)
(0.1757698387 -1.060501403 0)
(0.1909238064 -1.172601683 0)
(0.2060777741 -1.284701964 0)
(0.2212317418 -1.396802244 0)
(0.229627003 -0.6056246277 0)
(0.259254006 -0.7112492555 0)
(0.288881009 -0.8168738832 0)
(0.318508012 -0.922498511 0)
(0.348135015 -1.028123139 0)
(0.377762018 -1.133747766 0)
(0.407389021 -1.239372394 0)
(0.437016024 -1.344997022 0)
(0.3427549402 -0.5950091887 0)
(0.3855098804 -0.6900183773 0)
(0.4282648205 -0.785027566 0)
(0.4710197607 -0.8800367546 0)
(0.5137747009 -0.9750459433 0)
(0.5565296411 -1.070055132 0)
(0.5992845813 -1.165064321 0)
(0.6420395215 -1.260073509 0)
(0.4539067344 -0.5805153506 0)
(0.5078134688 -0.6610307012 0)
(0.5617202032 -0.7415460518 0)
(0.6156269376 -0.8220614024 0)
(0.669533672 -0.902576753 0)
(0.7234404064 -0.9830921036 0)
(0.7773471408 -1.063607454 0)
(0.8312538752 -1.144122805 0)
(0.5625 -0.5625 0)
(0.625 -0.625 0)
(0.6875 -0.6875 0)
(0.75 -0.75 0)
(0.8125 -0.8125 0)
(0.875 -0.875 0)
(0.9375 -0.9375 0)
(1 -1 0)
(-0.5625 -0.5625 1)
(-0.625 -0.625 1)
(-0.6875 -0.6875 1)
(-0.75 -0.75 1)
(-0.8125 -0.8125 1)
(-0.875 -0.875 1)
(-0.9375 -0.9375 1)
(-1 -1 1)
(-0.4539067344 -0.5805153506 1)
(-0.5078134688 -0.6610307012 1)
(-0.5617202032 -0.7415460518 1)
(-0.6156269376 -0.8220614024 1)
(-0.669533672 -0.902576753 1)
(-0.7234404064 -0.9830921036 1)
(-0.7773471408 -1.063607454 1)
(-0.8312538752 -1.144122805 1)
(-0.3427549402 -0.5950091887 1)
(-0.3855098804 -0.6900183773 1)
(-0.4282648205 -0.785027566 1)
(-0.4710197607 -0.8800367546 1)
(-0.5137747009 -0.9750459433 1)
(-0.5565296411 -1.070055132 1)
(-0.5992845813 -1.165064321 1)
(-0.6420395215 -1.260073509 1)
(-0.229627003 -0.6056246277 1)
(-0.259254006 -0.7112492555 1)
(-0.288881009 -0.8168738832 1)
(-0.318508012 -0.922498511 1)
(-0.348135015 -1.028123139 1)
(-0.377762018 -1.133747766 1)
(-0.407389021 -1.239372394 1)
(-0.437016024 -1.344997022 1)
(-0.1151539677 -0.6121002806 1)
(-0.1303079355 -0.7242005611 1)
(-0.1454619032 -0.8363008417 1)
(-0.1606158709 -0.9484011222 1)
(-0.1757698387 -1.060501403 1)
(-0.1909238064 -1.172601683 1)
(-0.2060777741 -1.284701964 1)
(-0.2212317418 -1.396802244 1)
(0 -0.614276695 1)
(0 -0.72855339 1)
(0 -0.842830085 1)
(0 -0.95710678 1)
(0 -1.071383475 1)
(0 -1.18566017 1)
(0 -1.299936865 1)
(0 -1.41421356 1)
(0.1151539677 -0.6121002806 1)
(0.1303079355 -0.7242005611 1)
(0.1454619032 -0.8363008417 1)
(0.1606158709 -0.9484011222 1)
(0.1757698387 -1.060501403 1)
(0.1909238064 -1.172601683 1)
(0.2060777741 -1.284701964 1)
(0.2212317418 -1.396802244 1)
(0.229627003 -0.6056246277 1)
(0.259254006 -0.7112492555 1)
(0.288881009 -0.8168738832 1)
(0.318508012 -0.922498511 1)
(0.348135015 -1.028123139 1)
(0.377762018 -1.133747766 1)
(0.407389021 -1.239372394 1)
(0.437016024 -1.344997022 1)
(0.3427549402 -0.5950091887 1)
(0.3855098804 -0.6900183773 1)
(0.4282648205 -0.785027566 1)
(0.4710197607 -0.8800367546 1)
(0.5137747009 -0.9750459433 1)
(0.5565296411 -1.070055132 1)
(0.5992845813 -1.165064321 1)
(0.6420395215 -1.260073509 1)
(0.4539067344 -0.5805153506 1)
(0.5078134688 -0.6610307012 1)
(0.5617202032 -0.7415460518 1)
(0.6156269376 -0.8220614024 1)
(0.669533672 -0.902576753 1)
(0.7234404064 -0.9830921036 1)
(0.7773471408 -1.063607454 1)
(0.8312538752 -1.144122805 1)
(0.5625 -0.5625 1)
(0.625 -0.625 1)
(0.6875 -0.6875 1)
(0.75 -0.75 1)
(0.8125 -0.8125 1)
(0.875 -0.875 1)
(0.9375 -0.9375 1)
(1 -1 1)
(0.5805153506 -0.4539067344 0)
(0.6610307012 -0.5078134688 0)
(0.7415460518 -0.5617202032 0)
(0.8220614024 -0.6156269376 0)
(0.902576753 -0.669533672 0)
(0.9830921036 -0.7234404064 0)
(1.063607454 -0.7773471408 0)
(1.144122805 -0.8312538752 0)
(0.5950091887 -0.3427549402 0)
(0.6900183773 -0.3855098804 0)
(0.785027566 -0.4282648205 0)
(0.8800367546 -0.4710197607 0)
(0.9750459433 -0.5137747009 0)
(1.070055132 -0.5565296411 0)
(1.165064321 -0.5992845813 0)
(1.260073509 -0.6420395215 0)
(0.6056246277 -0.229627003 0)
(0.7112492555 -0.259254006 0)
(0.8168738832 -0.288881009 0)
(0.922498511 -0.318508012 0)
(1.028123139 -0.348135015 0)
(1.133747766 -0.377762018 0)
(1.239372394 -0.407389021 0)
(1.344997022 -0.437016024 0)
(0.6121002806 -0.1151539677 0)
(0.7242005611 -0.1303079355 0)
(0.8363008417 -0.1454619032 0)
(0.9484011222 -0.1606158709 0)
(1.060501403 -0.1757698387 0)
(1.172601683 -0.1909238064 0)
(1.284701964 -0.2060777741 0)
(1.396802244 -0.2212317418 0)
(0.614276695 0 0)
(0.72855339 0 0)
(0.842830085 0 0)
(0.95710678 0 0)
(1.071383475 0 0)
(1.18566017 0 0)
(1.299936865 0 0)
(1.41421356 0 0)
(0.6121002806 0.1151539677 0)
(0.7242005611 0.1303079355 0)
(0.8363008417 0.1454619032 0)
(0.9484011222 0.1606158709 0)
(1.060501403 0.1757698387 0)
(1.172601683 0.1909238064 0)
(1.284701964 0.2060777741 0)
(1.396802244 0.2212317418 0)
(0.6056246277 0.229627003 0)
(0.7112492555 0.259254006 0)
(0.8168738832 0.288881009 0)
(0.922498511 0.318508012 0)
(1.028123139 0.348135015 0)
(1.133747766 0.377762018 0)
(1.239372394 0.407389021 0)
(1.344997022 0.437016024 0)
(0.5950091887 0.3427549402 0)
(0.6900183773 0.3855098804 0)
(0.785027566 0.4282648205 0)
(0.8800367546 0.4710197607 0)
(0.9750459433 0.5137747009 0)
(1.070055132 0.5565296411 0)
(1.165064321 0.5992845813 0)
(1.260073509 0.6420395215 0)
(0.5805153506 0.4539067344 0)
(0.6610307012 0.5078134688 0)
(0.7415460518 0.5617202032 0)
(0.8220614024 0.6156269376 0)
(0.902576753 0.669533672 0)
(0.9830921036 0.7234404064 0)
(1.063607454 0.7773471408 0)
(1.144122805 0.8312538752 0)
(0.5625 0.5625 0)
(0.625 0.625 0)
(0.6875 0.6875 0)
(0.75 0.75 0)
(0.8125 0.8125 0)
(0.875 0.875 0)
(0.9375 0.9375 0)
(1 1 0)
(0.5805153506 -0.4539067344 1)
(0.6610307012 -0.5078134688 1)
(0.7415460518 -0.5617202032 1)
(0.8220614024 -0.6156269376 1)
(0.902576753 -0.669533672 1)
(0.9830921036 -0.7234404064 1)
(1.063607454 -0.7773471408 1)
(1.144122805 -0.8312538752 1)
(0.5950091887 -0.3427549402 1)
(0.6900183773 -0.3855098804 1)
(0.785027566 -0.4282648205 1)
(0.8800367546 -0.4710197607 1)
(0.9750459433 -0.5137747009 1)
(1.070055132 -0.5565296411 1)
(1.165064321 -0.5992845813 1)
(1.260073509 -0.6420395215 1)
(0.6056246277 -0.229627003 1)
(0.7112492555 -0.259254006 1)
(0.8168738832 -0.288881009 1)
(0.922498511 -0.318508012 1)
(1.028123139 -0.348135015 1)
(1.133747766 -0.377762018 1)
(1.239372394 -0.407389021 1)
(1.344997022 -0.437016024 1)
(0.6121002806 -0.1151539677 1)
(0.7242005611 -0.1303079355 1)
(0.8363008417 -0.1454619032 1)
(0.9484011222 -0.1606158709 1)
(1.060501403 -0.1757698387 1)
(1.172601683 -0.1909238064 1)
(1.284701964 -0.2060777741 1)
(1.396802244 -0.2212317418 1)
(0.614276695 0 1)
(0.72855339 0 1)
(0.842830085 0 1)
(0.95710678 0 1)
(1.071383475 0 1)
(1.18566017 0 1)
(1.299936865 0 1)
(1.41421356 0 1)
(0.6121002806 0.1151539677 1)
(0.7242005611 0.1303079355 1)
(0.8363008417 0.1454619032 1)
(0.9484011222 0.1606158709 1)
(1.060501403 0.1757698387 1)
(1.172601683 0.1909238064 1)
(1.284701964 0.2060777741 1)
(1.396802244 0.2212317418 1)
(0.6056246277 0.229627003 1)
(0.7112492555 0.259254006 1)
(0.8168738832 0.288881009 1)
(0.922498511 0.318508012 1)
(1.028123139 0.348135015 1)
(1.133747766 0.377762018 1)
(1.239372394 0.407389021 1)
(1.344997022 0.437016024 1)
(0.5950091887 0.3427549402 1)
(0.6900183773 0.3855098804 1)
(0.785027566 0.4282648205 1)
(0.8800367546 0.4710197607 1)
(0.9750459433 0.5137747009 1)
(1.070055132 0.5565296411 1)
(1.165064321 0.5992845813 1)
(1.260073509 0.6420395215 1)
(0.5805153506 0.4539067344 1)
(0.6610307012 0.5078134688 1)
(0.7415460518 0.5617202032 1)
(0.8220614024 0.6156269376 1)
(0.902576753 0.669533672 1)
(0.9830921036 0.7234404064 1)
(1.063607454 0.7773471408 1)
(1.144122805 0.8312538752 1)
(0.5625 0.5625 1)
(0.625 0.625 1)
(0.6875 0.6875 1)
(0.75 0.75 1)
(0.8125 0.8125 1)
(0.875 0.875 1)
(0.9375 0.9375 1)
(1 1 1)
(0.4539067344 0.5805153506 0)
(0.5078134688 0.6610307012 0)
(0.5617202032 0.7415460518 0)
(0.6156269376 0.8220614024 0)
(0.669533672 0.902576753 0)
(0.7234404064 0.9830921036 0)
(0.7773471408 1.063607454 0)
(0.8312538752 1.144122805 0)
(0.3427549402 0.5950091887 0)
(0.3855098804 0.6900183773 0)
(0.4282648205 0.785027566 0)
(0.4710197607 0.8800367546 0)
(0.5137747009 0.9750459433 0)
(0.5565296411 1.070055132 0)
(0.5992845813 1.165064321 0)
(0.6420395215 1.260073509 0)
(0.229627003 0.6056246277 0)
(0.259254006 0.7112492555 0)
(0.288881009 0.8168738832 0)
(0.318508012 0.922498511 0)
(0.348135015 1.028123139 0)
(0.377762018 1.133747766 0)
(0.407389021 1.239372394 0)
(0.437016024 1.344997022 0)
(0.1151539677 0.6121002806 0)
(0.1303079355 0.7242005611 0)
(0.1454619032 0.8363008417 0)
(0.1606158709 0.9484011222 0)
(0.1757698387 1.060501403 0)
(0.1909238064 1.172601683 0)
(0.2060777741 1.284701964 0)
(0.2212317418 1.396802244 0)
(0 0.614276695 0)
(0 0.72855339 0)
(0 0.842830085 0)
(0 0.95710678 0)
(0 1.071383475 0)
(0 1.18566017 0)
(0 1.299936865 0)
(0 1.41421356 0)
(-0.1151539677 0.6121002806 0)
(-0.1303079355 0.7242005611 0)
(-0.1454619032 0.8363008417 0)
(-0.1606158709 0.9484011222 0)
(-0.1757698387 1.060501403 0)
(-0.1909238064 1.172601683 0)
(-0.2060777741 1.284701964 0)
(-0.2212317418 1.396802244 0)
(-0.229627003 0.6056246277 0)
(-0.259254006 0.7112492555 0)
(-0.288881009 0.8168738832 0)
(-0.318508012 0.922498511 0)
(-0.348135015 1.028123139 0)
(-0.377762018 1.133747766 0)
(-0.407389021 1.239372394 0)
(-0.437016024 1.344997022 0)
(-0.3427549402 0.5950091887 0)
(-0.3855098804 0.6900183773 0)
(-0.4282648205 0.785027566 0)
(-0.4710197607 0.8800367546 0)
(-0.5137747009 0.9750459433 0)
(-0.5565296411 1.070055132 0)
(-0.5992845813 1.165064321 0)
(-0.6420395215 1.260073509 0)
(-0.4539067344 0.5805153506 0)
(-0.5078134688 0.6610307012 0)
(-0.5617202032 0.7415460518 0)
(-0.6156269376 0.8220614024 0)
(-0.669533672 0.902576753 0)
(-0.7234404064 0.9830921036 0)
(-0.7773471408 1.063607454 0)
(-0.8312538752 1.144122805 0)
(-0.5625 0.5625 0)
(-0.625 0.625 0)
(-0.6875 0.6875 0)
(-0.75 0.75 0)
(-0.8125 0.8125 0)
(-0.875 0.875 0)
(-0.9375 0.9375 0)
(-1 1 0)
(0.4539067344 0.5805153506 1)
(0.5078134688 0.6610307012 1)
(0.5617202032 0.7415460518 1)
(0.6156269376 0.8220614024 1)
(0.669533672 0.902576753 1)
(0.7234404064 0.9830921036 1)
(0.7773471408 1.063607454 1)
(0.8312538752 1.144122805 1)
(0.3427549402 0.5950091887 1)
(0.3855098804 0.6900183773 1)
(0.4282648205 0.785027566 1)
(0.4710197607 0.8800367546 1)
(0.5137747009 0.9750459433 1)
(0.5565296411 1.070055132 1)
(0.5992845813 1.165064321 1)
(0.6420395215 1.260073509 1)
(0.229627003 0.6056246277 1)
(0.259254006 0.7112492555 1)
(0.288881009 0.8168738832 1)
(0.318508012 0.922498511 1)
(0.348135015 1.028123139 1)
(0.377762018 1.133747766 1)
(0.407389021 1.239372394 1)
(0.437016024 1.344997022 1)
(0.1151539677 0.6121002806 1)
(0.1303079355 0.7242005611 1)
(0.1454619032 0.8363008417 1)
(0.1606158709 0.9484011222 1)
(0.1757698387 1.060501403 1)
(0.1909238064 1.172601683 1)
(0.2060777741 1.284701964 1)
(0.2212317418 1.396802244 1)
(0 0.614276695 1)
(0 0.72855339 1)
(0 0.842830085 1)
(0 0.95710678 1)
(0 1.071383475 1)
(0 1.18566017 1)
(0 1.299936865 1)
(0 1.41421356 1)
(-0.1151539677 0.6121002806 1)
(-0.1303079355 0.7242005611 1)
(-0.1454619032 0.8363008417 1)
(-0.1606158709 0.9484011222 1)
(-0.1757698387 1.060501403 1)
(-0.1909238064 1.172601683 1)
(-0.2060777741 1.284701964 1)
(-0.2212317418 1.396802244 1)
(-0.229627003 0.6056246277 1)
(-0.259254006 0.7112492555 1)
(-0.288881009 0.8168738832 1)
(-0.318508012 0.922498511 1)
(-0.348135015 1.028123139 1)
(-0.377762018 1.133747766 1)
(-0.407389021 1.239372394 1)
(-0.437016024 1.344997022 1)
(-0.3427549402 0.5950091887 1)
(-0.3855098804 0.6900183773 1)
(-0.4282648205 0.785027566 1)
(-0.4710197607 0.8800367546 1)
(-0.5137747009 0.9750459433 1)
(-0.5565296411 1.070055132 1)
(-0.5992845813 1.165064321 1)
(-0.6420395215 1.260073509 1)
(-0.4539067344 0.5805153506 1)
(-0.5078134688 0.6610307012 1)
(-0.5617202032 0.7415460518 1)
(-0.6156269376 0.8220614024 1)
(-0.669533672 0.902576753 1)
(-0.7234404064 0.9830921036 1)
(-0.7773471408 1.063607454 1)
(-0.8312538752 1.144122805 1)
(-0.5625 0.5625 1)
(-0.625 0.625 1)
(-0.6875 0.6875 1)
(-0.75 0.75 1)
(-0.8125 0.8125 1)
(-0.875 0.875 1)
(-0.9375 0.9375 1)
(-1 1 1)
(-0.5805153506 0.4539067344 0)
(-0.6610307012 0.5078134688 0)
(-0.7415460518 0.5617202032 0)
(-0.8220614024 0.6156269376 0)
(-0.902576753 0.669533672 0)
(-0.9830921036 0.7234404064 0)
(-1.063607454 0.7773471408 0)
(-1.144122805 0.8312538752 0)
(-0.5950091887 0.3427549402 0)
(-0.6900183773 0.3855098804 0)
(-0.785027566 0.4282648205 0)
(-0.8800367546 0.4710197607 0)
(-0.9750459433 0.5137747009 0)
(-1.070055132 0.5565296411 0)
(-1.165064321 0.5992845813 0)
(-1.260073509 0.6420395215 0)
(-0.6056246277 0.229627003 0)
(-0.7112492555 0.259254006 0)
(-0.8168738832 0.288881009 0)
(-0.922498511 0.318508012 0)
(-1.028123139 0.348135015 0)
(-1.133747766 0.377762018 0)
(-1.239372394 0.407389021 0)
(-1.344997022 0.437016024 0)
(-0.6121002806 0.1151539677 0)
(-0.7242005611 0.1303079355 0)
(-0.8363008417 0.1454619032 0)
(-0.9484011222 0.1606158709 0)
(-1.060501403 0.1757698387 0)
(-1.172601683 0.1909238064 0)
(-1.284701964 0.2060777741 0)
(-1.396802244 0.2212317418 0)
(-0.614276695 0 0)
(-0.72855339 0 0)
(-0.842830085 0 0)
(-0.95710678 0 0)
(-1.071383475 0 0)
(-1.18566017 0 0)
(-1.299936865 0 0)
(-1.41421356 0 0)
(-0.6121002806 -0.1151539677 0)
(-0.7242005611 -0.1303079355 0)
(-0.8363008417 -0.1454619032 0)
(-0.9484011222 -0.1606158709 0)
(-1.060501403 -0.1757698387 0)
(-1.172601683 -0.1909238064 0)
(-1.284701964 -0.2060777741 0)
(-1.396802244 -0.2212317418 0)
(-0.6056246277 -0.229627003 0)
(-0.7112492555 -0.259254006 0)
(-0.8168738832 -0.288881009 0)
(-0.922498511 -0.318508012 0)
(-1.028123139 -0.348135015 0)
(-1.133747766 -0.377762018 0)
(-1.239372394 -0.407389021 0)
(-1.344997022 -0.437016024 0)
(-0.5950091887 -0.3427549402 0)
(-0.6900183773 -0.3855098804 0)
(-0.785027566 -0.4282648205 0)
(-0.8800367546 -0.4710197607 0)
(-0.9750459433 -0.5137747009 0)
(-1.070055132 -0.5565296411 0)
(-1.165064321 -0.5992845813 0)
(-1.260073509 -0.6420395215 0)
(-0.5805153506 -0.4539067344 0)
(-0.6610307012 -0.5078134688 0)
(-0.7415460518 -0.5617202032 0)
(-0.8220614024 -0.6156269376 0)
(-0.902576753 -0.669533672 0)
(-0.9830921036 -0.7234404064 0)
(-1.063607454 -0.7773471408 0)
(-1.144122805 -0.8312538752 0)
(-0.5805153506 0.4539067344 1)
(-0.6610307012 0.5078134688 1)
(-0.7415460518 0.5617202032 1)
(-0.8220614024 0.6156269376 1)
(-0.902576753 0.669533672 1)
(-0.9830921036 0.7234404064 1)
(-1.063607454 0.7773471408 1)
(-1.144122805 0.8312538752 1)
(-0.5950091887 0.3427549402 1)
(-0.6900183773 0.3855098804 1)
(-0.785027566 0.4282648205 1)
(-0.8800367546 0.4710197607 1)
(-0.9750459433 0.5137747009 1)
(-1.070055132 0.5565296411 1)
(-1.165064321 0.5992845813 1)
(-1.260073509 0.6420395215 1)
(-0.6056246277 0.229627003 1)
(-0.7112492555 0.259254006 1)
(-0.8168738832 0.288881009 1)
(-0.922498511 0.318508012 1)
(-1.028123139 0.348135015 1)
(-1.133747766 0.377762018 1)
(-1.239372394 0.407389021 1)
(-1.344997022 0.437016024 1)
(-0.6121002806 0.1151539677 1)
(-0.7242005611 0.1303079355 1)
(-0.8363008417 0.1454619032 1)
(-0.9484011222 0.1606158709 1)
(-1.060501403 0.1757698387 1)
(-1.172601683 0.1909238064 1)
(-1.284701964 0.2060777741 1)
(-1.396802244 0.2212317418 1)
(-0.614276695 0 1)
(-0.72855339 0 1)
(-0.842830085 0 1)
(-0.95710678 0 1)
(-1.071383475 0 1)
(-1.18566017 0 1)
(-1.299936865 0 1)
(-1.41421356 0 1)
(-0.6121002806 -0.1151539677 1)
(-0.7242005611 -0.1303079355 1)
(-0.8363008417 -0.1454619032 1)
(-0.9484011222 -0.1606158709 1)
(-1.060501403 -0.1757698387 1)
(-1.172601683 -0.1909238064 1)
(-1.284701964 -0.2060777741 1)
(-1.396802244 -0.2212317418 1)
(-0.6056246277 -0.229627003 1)
(-0.7112492555 -0.259254006 1)
(-0.8168738832 -0.288881009 1)
(-0.922498511 -0.318508012 1)
(-1.028123139 -0.348135015 1)
(-1.133747766 -0.377762018 1)
(-1.239372394 -0.407389021 1)
(-1.344997022 -0.437016024 1)
(-0.5950091887 -0.3427549402 1)
(-0.6900183773 -0.3855098804 1)
(-0.785027566 -0.4282648205 1)
(-0.8800367546 -0.4710197607 1)
(-0.9750459433 -0.5137747009 1)
(-1.070055132 -0.5565296411 1)
(-1.165064321 -0.5992845813 1)
(-1.260073509 -0.6420395215 1)
(-0.5805153506 -0.4539067344 1)
(-0.6610307012 -0.5078134688 1)
(-0.7415460518 -0.5617202032 1)
(-0.8220614024 -0.6156269376 1)
(-0.902576753 -0.669533672 1)
(-0.9830921036 -0.7234404064 1)
(-1.063607454 -0.7773471408 1)
(-1.144122805 -0.8312538752 1)
)


// ************************************************************************* //
