/*--------------------------------*- C++ -*----------------------------------*\
| =========                 |                                                 |
| \\      /  F ield         | OpenFOAM: The Open Source CFD Toolbox           |
|  \\    /   O peration     | Version:  5.0                                   |
|   \\  /    A nd           | Web:      www.OpenFOAM.org                      |
|    \\/     M anipulation  |                                                 |
\*---------------------------------------------------------------------------*/
FoamFile
{
    version     2.0;
    format      ascii;
    class       volScalarField;
    location    "0";
    object      wallLayer;
}
// * * * * * * * * * * * * * * * * * * * * * * * * * * * * * * * * * * * * * //

dimensions      [0 0 0 0 0 0 0];

internalField   nonuniform List<scalar> 
420
(
4
4
4
4
4
4
4
4
4
4
4
4
4
4
4
4
4
4
4
4
4
4
4
4
4
4
4
4
4
4
4
4
4
4
4
4
4
4
4
4
4
4
4
4
4
4
4
4
4
4
4
4
4
4
4
4
4
4
4
4
4
4
4
4
4
4
4
4
4
4
4
4
4
4
4
4
4
4
4
4
4
4
4
4
4
4
4
4
4
4
4
4
4
4
4
4
4
4
4
4
4
4
4
4
3
2
1
0
4
4
4
4
3
2
1
0
4
4
4
4
3
2
1
0
4
4
4
4
3
2
1
0
4
4
4
4
3
2
1
0
4
4
4
4
3
2
1
0
4
4
4
4
3
2
1
0
4
4
4
4
3
2
1
0
4
4
4
4
3
2
1
0
4
4
4
4
3
2
1
0
4
4
4
4
3
2
1
0
4
4
4
4
3
2
1
0
4
4
4
4
3
2
1
0
4
4
4
4
3
2
1
0
4
4
4
4
3
2
1
0
4
4
4
4
3
2
1
0
4
4
4
4
3
2
1
0
4
4
4
4
3
2
1
0
4
4
4
4
3
2
1
0
4
4
4
4
3
2
1
0
4
4
4
4
3
2
1
0
4
4
4
4
3
2
1
0
4
4
4
4
3
2
1
0
4
4
4
4
3
2
1
0
4
4
4
4
3
2
1
0
4
4
4
4
3
2
1
0
4
4
4
4
3
2
1
0
4
4
4
4
3
2
1
0
4
4
4
4
3
2
1
0
4
4
4
4
3
2
1
0
4
4
4
4
3
2
1
0
4
4
4
4
3
2
1
0
4
4
4
4
3
2
1
0
4
4
4
4
3
2
1
0
4
4
4
4
3
2
1
0
4
4
4
4
3
2
1
0
4
4
4
4
3
2
1
0
4
4
4
4
3
2
1
0
4
4
4
4
3
2
1
0
4
4
4
4
3
2
1
0
)
;

boundaryField
{
    front
    {
        type            calculated;
        value           uniform -1;
    }
    back
    {
        type            calculated;
        value           uniform -1;
    }
    wall
    {
        type            calculated;
        value           uniform -1;
    }
}


// ************************************************************************* //
